Y-1
06:00,09,15,22,27,34,40,43,48,53,57
07:02,07,12,16,21,26,31,36,42,46,51,56
08:01,06,10,15,19,25,29,35,40,45,50,55
09:02,09,17,25,34,42,49,55
10:02,09,17,24,32,40,48,56
11:03,11,18,26,33,41,48,56
12:03,11,18,26,33,41,48,56
13:03,11,18,26,33,41,48,56
14:03,11,18,26,33,41,48,56
15:03,11,18,26,33,41,48,56
16:03,11,18,24,30,34,39,44,49,54,59
17:03,07,13,17,22,27,33,37,42,47,52,56
18:01,06,10,15,20,25,29,36,41,46,50,55
19:00,04,09,14,19,24,30,40,51
20:01,10,20,30,39,49,59
21:09:19,29,39,50
22:00,10,20,30,38,48,58
23:04,12,24,36,48
24:00

Y-2
