Y-1
06:02,12,19,29,37,44,52
07:01,11,21,32,42,52
08:02,13,22,32,42,52
09:02,11,20,28,36,43,50,58
10:05,13,20,28,35,43,50,58
11:05,13,20,28,35,43,50,58
12:05,13,20,28,35,43,50,58
13:05,13,20,28,35,43,50,58
14:05,13,20,28,35,43,50,58
15:05,13,20,28,35,43,50,58
16:05,13,20,28,35,43,50,58
17:06,13,21,28,36,44,52
18:03,13,22,33,43,53
19:03,12,22,32,42,52
20:02,12,22,32,42,52
21:02,12,22,32,42,52
22:02,12,22,32,42,51
23:00,06,14,27,38,51
24:02

Y-2
06:05,13,22,30,35,42,51,59
07:09,20,30,40,50
08:00,11,21,31,41,51
09:01,11,21,31,41,50,59
10:05,12,20,27,35,42,50,57
11:05,12,20,27,35,42,50,57
12:05,12,20,27,35,42,50,57
13:05,12,20,27,35,42,50,57
14:05,12,20,27,35,42,50,57
15:05,12,20,27,35,42,50,57
16:05,12,20,27,35,42,50,57
17:05,12,20,27,35,42,51,58
18:06,14,21,31,41,51
19:01,11,21,31,41,51
20:01,11,21,31,41,51
21:01,11,21,31,41,51
22:01,11,21,31,40,49,58
23:07,17,27,38,46,54
24:02,10,18,30
