Y-1
06:02,12,17,24,29,36,42,46,50,55
07:00,05,09,14,19,23,28,33,38,44,49,53,58
08:03,08,13,17,22,27,32,37,42,47,52,57
09:04,11,19,28,36,45,51,57
10:04,12,19,27,34,42,50,58
11:05,13,20,28,35,43,50,58
12:05,13,20,28,35,43,50,58
13:05,13,20,28,35,43,50,58
14:05,13,20,28,35,43,50,58
15:05,13,20,28,35,43,50,58
16:05,13,21,26,32,36,41,46,51,56
17:01,05,09,15,20,25,29,35,40,44,49,54,59
18:04,08,13,17,22,27,32,38,43,48,52,57
19:02,06,11,16,21,26,33,42,53
20:03,12,22,32,41,51
21:01,11,21,31,41,52
22:02,12,22,32,40,50
23:00,06,14,27,38,51
24:02

Y-2
06:05,14,23,30,35,44,49,56
07:03,12,17,22,28,33,38,43,48,53,57
08:02,07,11,16,21,26,31,37,42,46,51,56
09:01,05,10,13,20,24,39,34,39,45,50,57
10:04,12,19,27,36,44,49,57
11:04,12,19,27,36,44,49,57
12:04,12,19,27,36,44,49,57
13:04,12,19,27,36,44,49,57
14:04,12,19,27,36,44,49,57
15:04,12,19,27,36,44,49,57
16:04,12,19,27,36,44,49,57
17:04,11,19,24,29,34,39,44,48,53,58
18:02,07,12,17,21,26,33,37,42,47,52,56
19:01,05,10,15,20,25,29,36,41,45,50,55,59
20:04,09,13,21,31,40,51
21:01,11,21,31,41,51
22:01,11,21,31,41,50,58
23:07,17,27,38,46,54
24:02,10,18,30
