Y-1
06:04,14,19,27,31,38,44,48,52,57
07:02,07,11,16,21,25,31,35,41,46,51,56
08:00,05,10,15,19,24,29,34,39,44,49,54,59
09:06,14,21,30,38,47,54,59
10:06,14,21,29,36,44,53
11:00,08,15,23,30,38,45,53
12:00,08,15,23,30,38,45,53
13:00,08,15,23,30,38,45,53
14:00,08,15,23,30,38,45,53
15:00,08,15,23,30,38,45,53
16:00,08,15,23,28,35,39,43,48,53,59
17:03,07,12,17,22,27,31,37,42,47,51,56
18:01,06,10,15,20,24,29,34,40,45,50,55,59
19:04,08,14,18,23,28,35,44,55
20:05,14,24,34,43,53
21:03,13,23,33,43,54
22:04,14,24,34,42,54
23:02,08,16,29,40,53
24:04

Y-2
06:03,11,20,28,33,41,47,54
07:01,10,15,20,25,31,36,41,46,50,55
08:00,05,09,14,19,24,29,35,39,44,49,54,59
09:03,08,11,18,22,27,32,37,43,48,55
10:02,09,17,25,33,43,47,55
11:02,10,17,25,32,40,47,55
12:02,10,17,25,32,40,47,55
13:02,10,17,25,32,40,47,55
14:02,10,17,25,32,40,47,55
15:02,10,17,25,32,40,47,55
16:02,10,17,25,33,40,48,55
17:02,09,17,21,27,32,37,41,46,51,56
18:00,05,10,14,19,24,30,35,40,45,49,54,59
19:03,08,13,18,22,27,34,38,43,48,53,57
20:02,07,11,18,29,38,48,58
21:08,18,28,38,48,58
22:08,18,28,38,48,56
23:05,15,25,35,43,52
24:00,08,16,28
