Y-1
06:04,14,21,31,40,47,54
07:03,13,24,34,44,54
08:04,15,24,34,44,54
09:04,13,22,30,38,45,52
10:00,08,15,23,30,38,45,53
11:00,08,15,23,30,38,45,53
12:00,08,15,23,30,38,45,53
13:00,08,15,23,30,38,45,53
14:00,08,15,23,30,38,45,53
15:00,08,15,23,30,38,45,53
16:00,08,15,23,30,38,45,53
17:00,08,15,23,30,38,46,54
18:05,15,24,35,45,55
19:05,14,24,34,44,54
20:04,14,24,34,44,54
21:04,14,24,34,44,54
22:04,14,24,34,44,53
23:02,08,16,29,40,53
24:04

Y-2
06:03,11,20,27,33,40,49,57
07:07,17,27,37,48,57
08:08,18,28,38,48,58
09:08,18,28,38,47,56
10:03,10,18,25,33,40,48,55
11:03,10,18,25,33,40,48,55
12:03,10,18,25,33,40,48,55
13:03,10,18,25,33,40,48,55
14:03,10,18,25,33,40,48,55
15:03,10,18,25,33,40,48,55
16:03,10,18,25,33,40,48,55
17:03,10,18,25,33,40,49,56
18:03,11,18,28,38,48,58
19:08,18,28,38,48,58
20:08,18,28,38,48,58
21:08,18,28,38,48,58
22:08,18,28,38,47,56
23:05,15,25,35,43,52
24:00,08,16,28
