Y-1
06:00,06,16,21,28,33,40,46,50,54,59
07:04,08,13,18,22,27,32,37,42,48,53,57
08:02,07,12,16,21,26,31,35,41,46,51,56
09:01,08,15,23,31,40,48,55
10:01,08,16,23,31,38,46,54
11:02,09,17,24,32,39,47,54
12:02,09,17,24,32,39,47,54
13:02,09,17,24,32,39,47,54
14:02,09,17,24,32,39,47,54
15:02,09,17,24,32,39,47,54
16:02,09,17,24,30,36,40,45,50,55
17:00,05,09,13,19,24,28,33,39,44,48,53,58
18:03,07,12,16,21,26,31,36,42,47,52,56
19:01,06,10,15,20,25,30,37,46,57
20:07,16,26,36,45,55
21:05,15,25,35,45,56
22:06,16,26,36,44,54
23:04,10,18,31,42,55
24:06

Y-2
06:01,09,18,26,31,39,45,52
07:00,08,13,18,24,29,34,39,44,49,54,58
08:03,07,12,17,22,27,33,38,42,47,52,57
09:01,06,09,16,21,25,30,35,41,46,53
10:00,08,15,23,32,40,45,53
11:00,08,15,23,30,38,45,53
12:00,08,15,23,30,38,45,53
13:00,08,15,23,30,38,45,53
14:00,08,15,23,30,38,45,53
15:00,08,15,23,30,38,45,53
16:00,08,15,23,30,38,46,53
17:00,07,15,20,25,30,35,40,45,49,54,58
18:03,08,13,17,22,29,33,38,43,48,52,57
19:02,06,11,16,21,25,32,37,41,46,51,55
20:00,05,10,17,27,36,46,56
21:06,16,26,36,46,56
22:06,16,26,36,46,54
23:03,13,23,33,41,50,58
24:06,14,26
