Y-1
06:00,06,16,23,33,41,48,56
07:05,15,25,36,46,56
08:06,17,26,36,46,56
09:06,15,24,32,40,47,54
10:02,09,17,24,32,39,47,54
11:02,09,17,24,32,39,47,54
12:02,09,17,24,32,39,47,54
13:02,09,17,24,32,39,47,54
14:02,09,17,24,32,39,47,54
15:02,09,17,24,32,39,47,54
16:02,09,17,24,32,39,47,54
17:02,09,17,24,32,39,48,56
18:07,17,26,37,47,57
19:07,16,26,36,46,56
20:06,16,26,36,46,56
21:06,16,26,36,46,56
22:06,16,26,36,46,55
23:04,10,18,31,42,55
24:06

Y-2
06:01,09,18,26,31,38,47,55
07:05,15,25,35,45,55
08:06,16,26,36,46,56
09:06,16,26,36,45,54
10:01,09,16,24,31,39,46,54
11:01,09,16,24,31,39,46,54
12:01,09,16,24,31,39,46,54
13:01,09,16,24,31,39,46,54
14:01,09,16,24,31,39,46,54
15:01,09,16,24,31,39,46,54
16:01,09,16,24,31,39,46,54
17:01,09,16,24,31,39,47,54
18:01,09,16,26,36,46,56
19:06,16,26,36,46,56
20:06,16,26,36,46,56
21:06,16,26,36,46,56
22:06,16,26,36,45,54
23:03,13,23,33,41,50,58
24:06,14,26
