Y-1
06:02,08,18,24,30,35,42,48,51,56
07:01,05,10,15,20,24,29,34,39,44,50,54,59
08:04,09,14,18,23,27,33,37,43,48,53,58
09:03,10,17,25,33,42,50,57
10:03,10,17,25,32,40,48,56
11:04,11,19,26,34,41,49,56
12:04,11,19,26,34,41,49,56
13:04,11,19,26,34,41,49,56
14:04,11,19,26,34,41,49,56
15:04,11,19,26,34,41,49,56
16:04,11,19,26,32,38,42,47,52,57
17:02,07,11,15,21,25,30,35,41,45,50,55
18:00,04,09,14,18,23,28,33,37,44,49,54,58
19:03,08,12,17,22,27,32,39,48,59
20:09,18,28,38,47,57
21:07,17,27,37,47,58
22:08,18,28,38,46,56
23:06,12,20,33,44,57
24:08

Y-2
06:00,07,16,23,29,37,43,50,58
07:06,12,16,22,27,33,37,42,47,52,56
08:01,06,10,16,20,26,31,36,41,45,50,55
09:00,04,08,14,19,24,28,34,40,45,51,58
10:06,13,21,30,38,44,51,59
11:06,14,21,29,36,44,51,59
12:06,14,21,29,36,44,51,59
13:06,14,21,29,36,44,51,59
14:06,14,21,29,36,44,51,59
15:06,14,21,29,36,44,51,59
16:06,14,21,29,36,44,52,58
17:06,13,18,24,28,33,38,43,47,52,57
18:01,06,11,16,20,27,32,36,41,46,51,55
19:00,05,09,14,19,24,30,35,40,44,49,53,58
20:03,08,15,24,34,44,54
21:04,14,24,34,44,54
22:04,14,24,34,44,52
23:01,11,21,31,39,47,55
24:03,12,24
