Y-1
06:01,08,18,25,35,44,51,58
07:17,28,38,48,58
08:08,19,28,38,48,58
09:08,17,26,34,42,49,56
10:04,11,19,26,34,41,49,56
11:04,11,19,26,34,41,49,56
12:04,11,19,26,34,41,49,56
13:04,11,19,26,34,41,49,56
14:04,11,19,26,34,41,49,56
15:04,11,19,26,34,41,49,56
16:04,11,19,26,34,41,49,56
17:04,11,19,26,34,41,49,58
18:09,19,28,39,49,59
19:09,18,28,38,48,58
20:08,18,28,38,48,58
21:08,18,28,38,48,58
22:08,18,28,38,48,57
23:06,12,20,33,44,57
24:08

Y-2
06:00,07,16,23,29,36,45,53
07:02,12,22,33,43,53
08:03,14,24,34,44,54
09:04,14,24,34,43,52,59
10:07,14,22,29,37,44,52,59
11:07,14,22,29,37,44,52,59
12:07,14,22,29,37,44,52,59
13:07,14,22,29,37,44,52,59
14:07,14,22,29,37,44,52,59
15:07,14,22,29,37,44,52,59
16:07,14,22,29,37,44,52,59
17:07,14,22,29,37,45,52,59
18:07,14,24,34,44,54
19:04,14,24,34,44,54
20:04,14,24,34,44,54
21:04,14,24,34,44,54
22:04,14,24,34,43,52
23:01,11,21,31,39,47,55
24:03,12,24
