Y-1
06:05,12,22,27,34,38,45,51,55,59
07:04,09,14,18,23,28,32,38,42,48,53,58
08:03,07,12,17,22,26,31,36,41,46,51,56
09:01,06,13,21,28,37,45,54
10:01,06,13,21,28,36,43,51
11:00,07,15,22,30,37,45,52
12:00,07,15,22,30,37,45,52
13:00,07,15,22,30,37,45,52
14:00,07,15,22,30,37,45,52
15:00,07,15,22,30,37,45,52
16:00,07,15,22,30,35,42,46,50,55
17:00,06,10,14,19,24,29,34,38,44,49,54,58
18:03,08,13,17,22,27,31,36,41,47,52,57
19:02,06,11,15,21,25,30,35,43,52
20:03,13,22,32,42,51
21:01,11,21,31,41,51
22:02,12,22,32,42,50
23:00,10,16,24,37,48
24:01,12

Y-2
06:03,13,20,25,33,40,47,54
07:03,08,13,19,24,29,34,39,44,48,53,58
08:02,07,12,17,22,29,32,37,42,47,52,56
09:01,04,11,15,20,25,30,36,41,48,55
10:03,10,18,27,35,40,48,55
11:03,10,18,25,33,40,48,55
12:03,10,18,25,33,40,48,55
13:03,10,18,25,33,40,48,55
14:03,10,18,25,33,40,48,55
15:03,10,18,25,33,40,48,55
16:03,10,18,25,33,41,48,55
17:02,10,14,20,25,30,35,39,44,49,53,58
18:03,07,12,17,23,28,33,38,43,47,52,56
19:01,06,11,15,20,27,31,36,41,46,50,55
20:00,04,11,21,30,40,50
21:00,10,20,30,40,50
22:00,10,20,30,40,48,57
23:07,17,28,36,44,52
24:00,08,20
