Y-1
06:05,12,21,29,39,47,54
07:02,11,21,31,42,52
08:02,12,23,32,42,52
09:02,12,21,30,38,46,52
10:00,07,15,22,30,37,45,52
11:00,07,15,22,30,37,45,52
12:00,07,15,22,30,37,45,52
13:00,07,15,22,30,37,45,52
14:00,07,15,22,30,37,45,52
15:00,07,15,22,30,37,45,52
16:00,07,15,22,30,37,45,52
17:00,07,15,22,30,37,45,53
18:01,12,22,31,42,52
19:02,12,22,32,42,52
20:02,12,22,32,42,52
21:02,12,22,32,42,52
22:02,12,22,32,42,52
23:01,10,16,24,37,48
24:01,12

Y-2
06:03,12,20,25,32,41,49,58
07:08,18,28,39,49,59
08:10,20,30,40,50
09:00,10,20,30,39,48,56
10:03,11,18,26,33,41,48,56
11:03,11,18,26,33,41,48,56
12:03,11,18,26,33,41,48,56
13:03,11,18,26,33,41,48,56
14:03,11,18,26,33,41,48,56
15:03,11,18,26,33,41,48,56
16:03,11,18,26,33,41,48,56
17:03,11,18,26,33,42,49,55
18:03,10,20,30,40,50
19:00,10,20,30,40,50
20:00,10,20,30,40,50
21:00,10,20,30,40,50
22:00,10,20,30,39,48,57
23:07,17,28,36,44,52
24:00,08,20
