Y-1
06:00,08,15,24,32,41,49,56
07:04,13,23,33,44,54
08:04,14,25,34,44,54
09:04,14,23,32,40,48,54
10:02,09,17,24,32,39,47,54
11:02,09,17,24,32,39,47,54
12:02,09,17,24,32,39,47,54
13:02,09,17,24,32,39,47,54
14:02,09,17,24,32,39,47,54
15:02,09,17,24,32,39,47,54
16:02,09,17,24,32,39,47,54
17:02,09,17,24,32,39,47,55
18:03,14,24,33,44,54
19:05,15,24,34,44,54
20:04,14,24,34,44,54
21:04,14,24,34,44,54
22:04,14,24,34,44,54
23:03,12,19,27,40,51
24:04,15

Y-2
06:01,10,18,23,30,39,47,56
07:06,16,26,37,47,57
08:08,18,28,38,48,58
09:08,18,28,37,46,54
10:01,09,16,24,31,39,46,54
11:01,09,16,24,31,39,46,54
12:01,09,16,24,31,39,46,54
13:01,09,16,24,31,39,46,54
14:01,09,16,24,31,39,46,54
15:01,09,16,24,31,39,46,54
16:01,09,16,24,31,39,46,54
17:01,09,16,24,31,40,47,53
18:01,08,18,28,38,48,58
19:08,18,28,38,48,58
20:08,18,28,38,48,58
21:08,18,28,38,48,58
22:08,18,28,37,46,55
23:05,15,25,33,41,49,57
24:06,18
