Y-1
06:00,08,15,24,30,35,40,47,53,57
07:01,06,11,16,20,25,30,34,39,44,50,55
08:00,05,09,14,19,24,28,33,38,43,48,53,58
09:03,08,15,23,30,39,47,56
10:03,08,15,23,30,38,45,53
11:02,09,17,24,32,39,47,54
12:02,09,17,24,32,39,47,54
13:02,09,17,24,32,39,47,54
14:02,09,17,24,32,39,47,54
15:02,09,17,24,32,39,47,54
16:02,09,17,24,32,37,43,48,52,57
17:02,08,12,16,20,26,31,36,40,46,51,56
18:00,05,10,15,19,24,28,33,38,43,49,54,59
19:04,08,13,17,23,27,32,37,45,54
20:05,15,24,34,44,53
21:03,13,23,33,43,53
22:04,14,24,34,44,52
23:02,12,19,27,40,51
24:04,15

Y-2
06:01,10,18,23,31,38,45,52
07:01,06,11,17,22,27,32,37,42,46,51,56
08:00,05,10,15,20,26,31,35,40,45,50,54,59
09:02,09,13,18,23,28,34,39,46,53
10:01,08,16,25,33,38,46,53
11:01,08,16,25,33,38,46,53
12:01,08,16,25,33,38,46,53
13:01,08,16,25,33,38,46,53
14:01,08,16,25,33,38,46,53
15:01,08,16,25,33,38,46,53
16:01,08,16,25,33,38,46,53
17:00,08,13,18,23,28,33,37,42,47,51,56
18:01,06,10,15,22,26,31,36,41,45,50,54,59
19:04,09,13,18,25,29,34,39,44,48,53,58
20:02,09,19,28,38,48,58
21:08,18,28,38,48,58
22:08,18,28,38,46,55
23:05,15,25,33,41,49,57
24:06,18
