Y-1
06:02,10,17,26,34,43,51,58
07:05,14,25,35,45,56
08:06,16,26,36,46,56
09:06,16,25,34,41,49,56
10:03,11,18,26,33,41,48,56
11:03,11,18,26,33,41,48,56
12:03,11,18,26,33,41,48,56
13:03,11,18,26,33,41,48,56
14:03,11,18,26,33,41,48,56
15:03,11,18,26,33,41,48,56
16:03,11,18,26,33,41,48,56
17:03,11,18,26,33,41,48,56
18:05,16,26,35,46,56
19:06,16,26,36,46,56
20:06,16,26,36,46,56
21:06,16,26,36,46,56
22:06,16,26,36,46,56
23:05,14,21,29,42,53
24:06,17

Y-2
06:00,08,16,21,28,37,45,54
07:04,14,24,35,45,55
08:06,16,26,36,46,56
09:06,16,26,35,44,52
10:00,07,15,22,30,37,45,52
11:00,07,15,22,30,37,45,52
12:00,07,15,22,30,37,45,52
13:00,07,15,22,30,37,45,52
14:00,07,15,22,30,37,45,52
15:00,07,15,22,30,37,45,52
16:00,07,15,22,30,37,45,52
17:00,07,15,22,30,38,45,52,59
18:06,16,26,36,46,56
19:06,16,26,36,46,56
20:06,16,26,36,46,56
21:06,16,26,36,46,56
22:06,16,26,35,44,53
23:03,13,24,32,40,48,56
24:04,16
