Y-1
06:02,10,17,26,32,37,42,49,55,58
07:03,08,12,17,22,27,31,36,41,46,51,57
08:01,06,11,16,21,25,30,34,39,44,50,55
09:00,05,10,17,24,32,40,49,57
10:04,10,17,24,32,39,47,55
11:03,11,18,26,33,41,48,56
12:03,11,18,26,33,41,48,56
13:03,11,18,26,33,41,48,56
14:03,11,18,26,33,41,48,56
15:03,11,18,26,33,41,48,56
16:03,11,18,26,33,39,45,49,54,59
17:04,09,14,18,22,28,32,37,42,48,52,57
18:02,07,11,16,21,25,30,35,40,44,51,56
19:01,05,10,15,19,24,29,34,39,46,56
20:07,17,26,36,46,55
21:05,15,25,35,45,55
22:06,16,26,36,46,54
23:04,14,21,29,42,53
24:06,17

Y-2
06:00,09,16,21,29,36,43,51,59
07:05,09,15,20,26,30,35,40,45,49,54,59
08:03,09,13,19,24,29,34,38,43,48,53,57
09:01,07,12,17,21,27,33,38,44,51,59
10:06,14,23,31,37,44,52,59
11:07,14,22,29,37,44,52,59
12:07,14,22,29,37,44,52,59
13:07,14,22,29,37,44,52,59
14:07,14,22,29,37,44,52,59
15:07,14,22,29,37,44,52,59
16:07,14,22,29,37,45,51,59
17:06,11,17,21,26,31,36,40,45,50,54,59
18:04,09,13,20,25,29,34,39,44,48,53,58
19:02,07,12,17,23,28,33,37,42,46,51,56
20:01,08,17,26,36,46,56
21:06,16,26,36,46,56
22:06,16,26,36,44,53
23:03,13,24,32,40,48,56
24:04,16
