Y-1
06:04,13,19,29,36,45,53
07:00,08,17,27,37,48,58
08:08,18,29,38,48,58
09:08,18,27,36,44,52,58
10:05,13,20,28,35,43,50,58
11:05,13,20,28,35,43,50,58
12:05,13,20,28,35,43,50,58
13:05,13,20,28,35,43,50,58
14:05,13,20,28,35,43,50,58
15:05,13,20,28,35,43,50,58
16:05,13,20,28,35,43,50,58
17:05,13,21,28,36,43,51,59
18:07,18,28,37,48,58
19:08,18,28,38,48,58
20:08,18,28,38,48,58
21:08,18,28,38,48,58
22:08,18,28,38,48,58
23:07,16,23,31,44,55
24:08,19

Y-2
06:06,13,18,26,35,43,52
07:02,12,22,32,43,53
08:03,14,24,34,44,54
09:04,14,24,33,42,50,58
10:05,13,20,28,35,43,50,58
11:05,13,20,28,35,43,50,58
12:05,13,20,28,35,43,50,58
13:05,13,20,28,35,43,50,58
14:05,13,20,28,35,43,50,58
15:05,13,20,28,35,43,50,58
16:05,13,20,28,35,43,50,58
17:05,13,20,28,36,43,50,57
18:04,14,24,34,44,54
19:04,14,24,34,44,54
20:04,14,24,34,44,54
21:04,14,24,34,44,54
22:04,14,24,33,42,51
23:01,11,21,29,37,45,53
24:02,14
