Y-1
06:04,13,19,29,34,39,44,51,57
07:01,05,10,15,19,24,29,33,38,43,48,53,59
08:04,08,13,18,23,27,32,37,42,47,52,57
09:02,07,12,19,26,34,43,51
10:00,06,12,19,27,34,42,49,57
11:05,13,20,28,35,43,50,58
12:05,13,20,28,35,43,50,58
13:05,13,20,28,35,43,50,58
14:05,13,20,28,35,43,50,58
15:05,13,20,28,35,43,50,58
16:05,13,20,28,35,41,47,51,56
17:01,06,11,16,20,24,30,35,39,44,50,55,59
18:04,09,14,18,23,27,32,37,42,47,53,58
19:03,07,12,17,21,26,31,36,41,49,58
20:09,19,28,38,48,57
21:07,17,27,37,47,57
22:08,18,28,38,48,56
23:06,16,23,31,44,55
24:08,19

Y-2
06:06,13,18,27,34,41,49,57
07:02,07,13,18,23,28,33,38,43,47,52,56
08:01,06,11,16,22,27,31,36,41,46,51,55,58
09:05,10,14,19,24,30,35,42,49,57
10:04,12,21,29,34,42,49,57
11:04,12,19,27,34,42,49,57
12:04,12,19,27,34,42,49,57
13:04,12,19,27,34,42,49,57
14:04,12,19,27,34,42,49,57
15:04,12,19,27,34,42,49,57
16:04,12,20,27,35,42,49,56
17:04,09,14,19,24,29,34,38,43,47,52,57
18:02,06,11,18,22,27,32,37,41,46,51,55
19:00,05,10,14,21,26,30,35,40,44,49,54,59
20:05,14,24,34,44,54
21:04,14,24,34,44,54
22:04,14,24,34,42,51
23:01,11,21,29,37,45,53
24:02,14
