Y-1
06:00,07,16,22,32,39,48,57
07:04,11,20,30,40,51
08:01,11,21,32,41,51
09:01,11,21,30,39,47,55
10:01,08,16,23,31,38,46,53
11:01,08,16,23,31,38,46,53
12:01,08,16,23,31,38,46,53
13:01,08,16,23,31,38,46,53
14:01,08,16,23,31,38,46,53
15:01,08,16,23,31,38,46,53
16:01,08,16,23,31,38,46,53
17:01,08,16,23,31,38,46,53
18:02,11,22,32,41,52
19:02,12,22,31,41,51
20:01,11,21,31,41,51
21:01,11,21,31,41,51
22:01,11,21,31,41,51
23:01,10,19,26,34,47,58
24:11,22

Y-2
06:03,11,16,23,31,39,48,58
07:08,19,29,39,50
08:00,10,20,30,40,50
09:00,10,20,29,38,46,55
10:03,10,18,25,33,40,48,55
11:03,10,18,25,33,40,48,55
12:03,10,18,25,33,40,48,55
13:03,10,18,25,33,40,48,55
14:03,10,18,25,33,40,48,55
15:03,10,18,25,33,40,48,55
16:03,10,18,25,33,40,48,55
17:03,10,18,25,34,41,47,54
18:00,10,20,30,40,50
19:00,10,20,30,40,50
20:00,10,20,30,40,50
21:00,10,20,30,40,50
22:00,10,20,29,38,47,57
23:07,18,26,34,42,50,59
24:11,23,35,46
