Y-1
06:00,07,16,23,32,37,42,47,54
07:00,03,08,13,17,22,27,32,36,41,46,51,56
08:02,06,11,16,21,26,30,35,39,45,49,55
09:00,05,10,15,22,29,37,45,54
10:02,09,15,22,29,37,44,52
11:00,08,16,23,31,38,46,53
12:01,08,16,23,31,38,46,53
13:01,08,16,23,31,38,46,53
14:01,08,16,23,31,38,46,53
15:01,08,16,23,31,38,46,53
16:01,08,16,23,31,38,44,50,54,59
17:04,08,14,19,23,27,33,37,42,47,53,57
18:02,07,12,16,21,26,30,35,40,45,49,56
19:01,06,10,15,20,24,29,34,39,44,52
20:01,12,22,31,41,51
21:00,10,20,30,40,50
22:00,11,21,31,41,51,59
23:09,19,26,34,47,58
24:11,22

Y-2
06:03,11,16,24,32,38,46,54
07:00,04,10,15,21,26,30,35,40,45,49,54,58
08:04,09,14,19,24,29,34,39,43,48,52,56
08:02,07,12,17,22,28,33,39,47,54
10:02,10,18,27,32,39,47,54
11:02,09,17,24,32,39,47,54
12:02,09,17,24,32,39,47,54
13:02,09,17,24,32,39,47,54
14:02,09,17,24,32,39,47,54
15:02,09,17,24,32,39,47,54
16:02,09,17,25,32,40,46,54
17:01,06,12,17,21,26,31,36,40,45,50,54,59
18:04,09,15,20,25,29,34,39,43,48,53,58
19:02,07,12,18,23,28,33,37,42,46,51,56
20:03,11,20,30,40,50
21:00,10,20,30,40,50
22:00,10,20,30,38,47,57
23:07,18,26,34,42,50,59
24:11
