Y-1
06:03,11,19,26,35,43,52
07:00,07,14,23,34,44,54
08:05,15,25,35,45,55
09:05,15,25,34,43,50,58
10:04,11,19,26,34,41,49,56
11:04,11,19,26,34,41,49,56
12:04,11,19,26,34,41,49,56
13:04,11,19,26,34,41,49,56
14:04,11,19,26,34,41,49,56
15:04,11,19,26,34,41,49,56
16:04,11,19,26,34,41,49,56
17:04,11,19,26,34,41,49,56
18:05,14,25,35,44,55
19:05,15,25,35,45,55
20:05,15,25,35,45,55
21:05,15,25,35,45,55
22:05,15,25,35,45,55
23:05,14,23,30,38,51
24:02,15,26

Y-2
06:00,07,12,19,27,36,44,54
07:04,15,25,35,46,56
08:06,16,26,36,46,56
09:06,16,25,34,42,51,59
10:07,14,22,29,37,44,52,59
11:07,14,22,29,37,44,52,59
12:07,14,22,29,37,44,52,59
13:07,14,22,29,37,44,52,59
14:07,14,22,29,37,44,52,59
15:07,14,22,29,37,44,52,59
16:07,14,22,29,37,44,52,59
17:07,14,22,30,37,44,51,57
18:06,16,26,36,46,56
19:06,16,26,36,46,56
20:06,16,26,36,46,56
21:06,16,26,36,46,56
22:06,16,25,34,43,53
23:03,15,23,31,39,47,55
24:07
