Y-1
06:03,11,19,26,35,41,45,50,57
07:03,07,11,16,21,25,30,35,39,44,49,54,59
08:05,10,14,19,24,29,33,38,43,48,53,58
09:03,08,13,18,25,32,40,49,57
10:06,12,18,25,33,40,48,55
11:03,11,19,26,34,41,49,56
12:04,11,19,26,34,41,49,56
13:04,11,19,26,34,41,49,56
14:04,11,19,26,34,41,49,56
15:04,11,19,26,34,41,49,56
16:04,11,19,26,34,41,47,53,57
17:02,07,12,17,22,26,30,36,41,45,50,56
18:01,05,10,15,20,24,29,33,38,43,48,53,59
19:04,09,13,18,23,27,32,37,42,47,55
20:05,16,26,35,45,55
21:04,14,24,34,44,54
22:04,15,25,35,45,55
23:03,13,23,30,38,51
24:02,15,26

Y-2
06:00,07,12,20,28,35,43,51,56
07:01,07,12,17,22,27,32,36,41,46,50,55
08:00,05,10,16,21,25,30,35,40,44,49,52,59
09:04,08,13,18,24,29,36,43,51,58
10:06,15,23,28,36,43,51,58
11:06,13,21,28,36,43,51,58
12:06,13,21,28,36,43,51,58
13:06,13,21,28,36,43,51,58
14:06,13,21,28,36,43,51,58
15:06,13,21,28,36,43,51,58
16:06,14,21,29,36,43,50,58
17:03,08,13,18,23,27,32,37,41,46,51,56
18:00,05,12,16,21,26,31,35,40,45,49,54,59
19:04,08,15,20,24,29,34,38,43,48,53,59
20:07,16,26,36,46,56
21:06,16,26,36,46,56
22:06,16,26,34,43,53
23:03,15,23,31,39,47,55
24:07
