Y-1
06:06,14,22,29,38,44,48,52
07:00,05,09,14,18,23,28,33,37,42,46,52,57
08:02,07,12,17,22,27,31,36,40,45,50,55
09:00,06,10,16,21,27,35,42,51,59
10:08,15,21,28,35,43,50,58
11:05,14,21,29,36,44,51,59
12:06,14,21,29,36,44,51,59
13:06,14,21,29,36,44,51,59
14:06,14,21,29,36,44,51,59
15:06,14,21,29,36,44,51,59
16:06,14,21,29,36,44,49,56
17:00,05,10,14,20,25,28,33,38,43,48,53,58
18:03,08,13,17,22,27,31,36,41,45,50,55
19:01,06,11,16,21,25,30,35,40,44,50,58
20:07,18,28,37,47,57
21:07,17,27,37,47,57
22:07,18,27,37,47,57
23:06,16,25,33,41,54
24:05,18,29

Y-2
06:04,09,18,25,32,40,48,54,58
07:04,09,15,19,24,29,34,39,43,48,52,58
08:02,08,13,18,23,27,32,37,42,46,50,56
09:01,06,10,16,22,27,33,40,48,55
10:03,12,20,26,33,41,48,56
11:03,11,18,26,33,41,48,56
12:03,11,18,26,33,41,48,56
13:03,11,18,26,33,41,48,56
14:03,11,18,26,33,41,48,56
15:03,11,18,26,33,41,48,56
16:03,11,19,26,34,40,48,55
17:00,06,10,15,20,25,30,34,39,43,48,53,58
18:02,09,14,18,23,28,33,37,42,47,51,56
19:01,06,12,17,22,26,31,36,40,45,50,56
20:04,14,24,34,44,54
21:04,14,24,34,44,54
22:04,14,24,32,41,51
23:01,12,20,28,36,44,52
24:04
