Y-1
06:06,14,22,29,38,46,55
07:03,10,17,26,36,47,57
08:07,17,27,38,47,57
09:07,17,27,36,45,53
10:01,07,14,21,29,36,44,51,59
11:06,14,21,29,36,44,51,59
12:06,14,21,29,36,44,51,59
13:06,14,21,29,36,44,51,59
14:06,14,21,29,36,44,51,59
15:06,14,21,29,36,44,51,59
16:06,14,21,29,36,44,51,59
17:06,14,21,29,36,44,51,59
18:08,17,28,38,47,58
19:08,18,28,37,47,57
20:07,17,27,37,47,57
21:07,17,27,37,47,57
22:07,17,27,37,47,57
23:07,16,25,33,41,54
24:05,18,29

Y-2
06:04,09,16,24,33,42,52
07:01,12,22,33,43,53
08:04,14,24,34,44,54
09:04,14,23,32,40,49,56
10:04,11,19,26,34,41,49,56
11:04,11,19,26,34,41,49,56
12:04,11,19,26,34,41,49,56
13:04,11,19,26,34,41,49,56
14:04,11,19,26,34,41,49,56
15:04,11,19,26,34,41,49,56
16:04,11,19,26,34,41,49,56
17:04,11,19,27,34,41,48,54
18:04,14,24,34,44,54
19:04,14,24,34,44,54
20:04,14,24,34,44,54
21:04,14,24,34,44,54
22:04,14,23,32,41,51
23:01,12,20,28,36,44,52
24:04
