Y-1
06:00,08,16,24,31,41,48,57
07:05,12,19,28,39,49,59
08:09,19,29,40,49,59
09:09,19,29,38,47,55
10:03,09,16,23,31,38,46,53
11:01,08,16,23,31,38,46,53
12:01,08,16,23,31,38,46,53
13:01,08,16,23,31,38,46,53
14:01,08,16,23,31,38,46,53
15:01,08,16,23,31,38,46,53
16:01,08,16,23,31,38,46,53
17:01,08,16,23,31,38,46,53
18:01,10,19,30,40,49
19:00,10,20,30,39,49,59
20:09,19,29,39,49,59
21:09,19,29,39,49,59
22:09,19,29,39,49,59
23:09,18,27,35,43,56
24:07,20,31

Y-2
06:02,07,14,22,30,39,49,59
07:10,20,30,41,51
08:01,11,21,31,41,51
09:01,11,20,29,37,46,54
10:02,09,17,24,32,39,47,54
11:02,09,17,24,32,39,47,54
12:02,09,17,24,32,39,47,54
13:02,09,17,24,32,39,47,54
14:02,09,17,24,32,39,47,54
15:02,09,17,24,32,39,47,54
16:02,09,17,24,32,39,47,54
17:02,09,17,25,32,39,46,52
18:01,11,21,31,41,51
19:01,11,21,31,41,51
20:01,11,21,31,41,51
21:01,11,21,31,41,51
22:01,11,20,29,38,48,58
23:09,17,25,33,41,50
24:02
