Y-1
06:00,08,16,24,31,40,46,50,54
07:02,07,11,15,20,25,30,35,39,44,48,54,58
08:04,09,14,19,23,28,33,38,42,47,52,57
09:02,08,12,18,23,29,37,44,53
10:01,10,17,22,29,37,44,52,59
11:07,16,23,31,38,46,53
12:01,08,16,23,31,38,46,53
13:01,08,16,23,31,38,46,53
14:01,08,16,23,31,38,46,53
15:01,08,16,23,31,38,46,53
16:01,08,16,23,31,38,46,51,58
17:02,06,11,16,22,26,30,35,40,45,50,55
18:00,05,10,14,19,24,29,33,38,43,47,52,57
19:03,08,13,18,22,27,32,37,41,46,52
20:00,09,20,30,39,49,59
21:09,19,29,39,49,59
22:09,20,29,39,49,59
23:09,18,27,35,43,56
24:07,20,31

Y-2
06:02,07,15,23,30,38,46,52,56
07:02,07,13,17,22,27,32,37,41,46,50,56
08:00,06,11,16,21,25,30,35,40,44,48,54,59
09:04,08,14,20,25,31,39,46,54
10:02,10,18,24,31,39,46,54
11:01,09,16,24,31,39,46,54
12:01,09,16,24,31,39,46,54
13:01,09,16,24,31,39,46,54
14:01,09,16,24,31,39,46,54
15:01,09,16,24,31,39,46,54
16:01,09,17,24,32,38,46,53,58
17:04,08,13,18,23,28,32,37,41,46,51,56
18:00,07,12,16,21,26,31,35,40,45,49,54,59
19:04,10,15,20,24,29,34,38,43,48,54
20:02,11,21,31,41,51
21:01,11,21,31,41,51
22:01,11,21,29,38,48,58
23:09,17,25,33,41,50
24:02
