Y-1

Y-2
06:00,04,13,21,28,36,44,49,54
07:00,05,10,15,20,25,29,34,39,43,48,53,58
08:03,09,14,18,23,28,33,37,42,45,52,57
09:01,06,11,17,22,29,36,44,51,59
10:08,16,21,29,36,44,51,59
11:06,14,21,29,36,44,51,59
12:06,14,21,29,36,44,51,59
13:06,14,21,29,36,44,51,59
14:06,14,21,29,36,44,51,59
15:06,14,21,29,36,44,51,59
16:07,14,22,29,36,43,51,56
17:01,06,11,16,20,25,30,34,39,44,49,53,58
18:05,09,14,19,24,28,33,37,42,47,52,57
19:01,08,13,17,22,27,31,36,41,45,52
20:00,09,19,29,39,49,59
21:09,19,29,39,49,59
22:09,19,27,36,46,56
23:07,15,23,31,39,48
24:00
